0.000000e+00 1.000000e+00 0.000000e+00
3.125000e-02 1.363469e+00 0.000000e+00
6.250000e-02 1.630986e+00 0.000000e+00
9.375000e-02 1.755349e+00 0.000000e+00
1.250000e-01 1.707107e+00 0.000000e+00
1.562500e-01 1.479450e+00 0.000000e+00
1.875000e-01 1.089790e+00 0.000000e+00
2.187500e-01 5.777738e-01 0.000000e+00
2.500000e-01 4.846634e-15 0.000000e+00
2.812500e-01 -5.777738e-01 0.000000e+00
3.125000e-01 -1.089790e+00 0.000000e+00
3.437500e-01 -1.479450e+00 0.000000e+00
3.750000e-01 -1.707107e+00 0.000000e+00
4.062500e-01 -1.755349e+00 0.000000e+00
4.375000e-01 -1.630986e+00 0.000000e+00
4.687500e-01 -1.363469e+00 0.000000e+00
5.000000e-01 -1.000000e+00 0.000000e+00
5.312500e-01 -5.981018e-01 0.000000e+00
5.625000e-01 -2.167728e-01 0.000000e+00
5.937500e-01 9.240992e-02 0.000000e+00
6.250000e-01 2.928932e-01 0.000000e+00
6.562500e-01 3.683093e-01 0.000000e+00
6.875000e-01 3.244233e-01 0.000000e+00
7.187500e-01 1.875931e-01 0.000000e+00
7.500000e-01 4.624589e-15 0.000000e+00
7.812500e-01 -1.875931e-01 0.000000e+00
8.125000e-01 -3.244233e-01 0.000000e+00
8.437500e-01 -3.683093e-01 0.000000e+00
8.750000e-01 -2.928932e-01 0.000000e+00
9.062500e-01 -9.240992e-02 0.000000e+00
9.375000e-01 2.167728e-01 0.000000e+00
9.687500e-01 5.981018e-01 0.000000e+00
1.562500e-02 1.170905e+01 0.000000e+00
4.687500e-02 8.624643e+00 0.000000e+00
7.812500e-02 4.019628e+00 0.000000e+00
1.093750e-01 -1.534433e+00 0.000000e+00
1.406250e-01 -7.308545e+00 0.000000e+00
1.718750e-01 -1.252278e+01 0.000000e+00
2.031250e-01 -1.646119e+01 0.000000e+00
2.343750e-01 -1.857784e+01 0.000000e+00
2.656250e-01 -1.857784e+01 0.000000e+00
2.968750e-01 -1.646119e+01 0.000000e+00
3.281250e-01 -1.252278e+01 0.000000e+00
3.593750e-01 -7.308545e+00 0.000000e+00
3.906250e-01 -1.534433e+00 0.000000e+00
4.218750e-01 4.019628e+00 0.000000e+00
4.531250e-01 8.624643e+00 0.000000e+00
4.843750e-01 1.170905e+01 0.000000e+00
5.156250e-01 1.294077e+01 0.000000e+00
5.468750e-01 1.227247e+01 0.000000e+00
5.781250e-01 9.943375e+00 0.000000e+00
6.093750e-01 6.437588e+00 0.000000e+00
6.406250e-01 2.405391e+00 0.000000e+00
6.718750e-01 -1.440227e+00 0.000000e+00
7.031250e-01 -4.435922e+00 0.000000e+00
7.343750e-01 -6.071981e+00 0.000000e+00
7.656250e-01 -6.071981e+00 0.000000e+00
7.968750e-01 -4.435922e+00 0.000000e+00
8.281250e-01 -1.440227e+00 0.000000e+00
8.593750e-01 2.405391e+00 0.000000e+00
8.906250e-01 6.437588e+00 0.000000e+00
9.218750e-01 9.943375e+00 0.000000e+00
9.531250e-01 1.227247e+01 0.000000e+00
9.843750e-01 1.294077e+01 -0.000000e+00
1.562500e-02 -0.000000e+00 0.000000e+00
4.687500e-02 -6.158599e-01 6.252930e+00
7.812500e-02 -2.451577e+00 1.232491e+01
1.093750e-01 -5.471737e+00 1.803790e+01
1.406250e-01 -9.617884e+00 2.321963e+01
1.718750e-01 -1.480937e+01 2.770637e+01
2.031250e-01 -2.094450e+01 3.134567e+01
2.343750e-01 -2.790207e+01 3.399878e+01
2.656250e-01 -3.554306e+01 3.554306e+01
2.968750e-01 -4.371271e+01 3.587410e+01
3.281250e-01 -5.224278e+01 3.490751e+01
3.593750e-01 -6.095402e+01 3.258060e+01
3.906250e-01 -6.965888e+01 2.885365e+01
4.218750e-01 -7.816423e+01 2.371086e+01
4.531250e-01 -8.627438e+01 1.716104e+01
4.843750e-01 -9.379395e+01 9.237898e+00
5.156250e-01 -1.005310e+02 0.000000e+00
5.468750e-01 -9.379395e+01 -9.237898e+00
5.781250e-01 -8.627438e+01 -1.716104e+01
6.093750e-01 -7.816423e+01 -2.371086e+01
6.406250e-01 -6.965888e+01 -2.885365e+01
6.718750e-01 -6.095402e+01 -3.258060e+01
7.031250e-01 -5.224278e+01 -3.490751e+01
7.343750e-01 -4.371271e+01 -3.587410e+01
7.656250e-01 -3.554306e+01 -3.554306e+01
7.968750e-01 -2.790207e+01 -3.399878e+01
8.281250e-01 -2.094450e+01 -3.134567e+01
8.593750e-01 -1.480937e+01 -2.770637e+01
8.906250e-01 -9.617884e+00 -2.321963e+01
9.218750e-01 -5.471737e+00 -1.803790e+01
9.531250e-01 -2.451577e+00 -1.232491e+01
9.843750e-01 -6.158599e-01 -6.252930e+00
